FT	ID	AT	WT	ST
1	5	1	0	0
2	10	1	0	1
2	12	1	0	1
2	2	1	0	1
2	9	1	0	1
2	3	1	0	1
4	15	2	0	2
5	18	3	0	2
5	17	3	0	2
6	1	1	0	5
6	16	2	0	4
6	19	3	0	3
6	8	1	4	1
7	21	5	1	1
8	14	1	1	6
8	11	1	3	4
9	6	1	4	4
9	4	1	4	4
10	7	1	0	9
11	20	5	1	5
13	26	8	1	4
13	22	6	5	2
14	32	12	0	2
14	29	10	3	1
15	23	7	4	4
15	30	11	2	2
15	34	12	2	1
17	24	8	0	9
17	35	12	3	2
19	31	11	3	5
25	27	9	4	12
Orders: 31 [Norm:5, Veg:8, VIP:18]
Cooks: 9 [Norm:3, Veg:5, VIP:1, Injured:8]
Avg Wait = 1.45 Avg Served = 3.26
Urgent Order: 1, Auto-Promoted: 54.55%
